image: first_floor.pgm
resolution: 0.036000
origin: [-23.832000, -83.736000, 0.000000]
negate: 0
occupied_thresh: 0.65
free_thresh: 0.196

